 0.654   1.908   1.967   0.023   0.023   0.023  G
 4.700   5.100   5.900   0.023   0.023   0.023  R
 2.510   3.050   3.350   0.023   0.023   0.023  N
 2.500   3.240   3.740   0.023   0.023   0.023  D
 3.400   3.950   4.500   0.023   0.023   0.023  Q
 3.180   3.780   3.930   0.023   0.023   0.023  E
 3.160   3.550   4.550   0.023   0.023   0.023  H
 3.550   4.050   4.250   0.023   0.023   0.023  K
 1.920   2.200   2.980   0.023   0.023   0.023  P
 1.967   2.650   2.800   0.023   0.023   0.023  S
 1.980   2.920   3.000   0.023   0.023   0.023  T
 1.600   2.500   2.560   0.023   0.023   0.023  A
 2.350   2.900   3.650   0.023   0.023   0.023  C
 2.400   3.050   3.300   0.023   0.023   0.023  I
 2.625   3.290   3.500   0.023   0.023   0.023  L
 3.400   3.800   4.050   0.023   0.023   0.023  M
 3.425   3.650   4.050   0.023   0.023   0.023  F
 4.200   4.600   5.500   0.023   0.023   0.023  W
 3.850   4.150   5.250   0.023   0.023   0.023  Y
 2.002   2.775   2.959   0.023   0.023   0.023  V
