              0      0.0000  11232.0000      6.0000
       73925673      0.0045  11048.2346      5.9130
      100000000      0.0061  11422.4713      6.1167
              0      0.0061  11422.4713      6.1167
       70778322      0.0105   9663.4419      5.1720
      100000000      0.0122  10059.6265      5.3752
              0      0.0122  10059.6265      5.3752
       67793064      0.0164   9153.3271      4.9060
      100000000      0.0184   8848.9744      4.7564
              0      0.0184   8848.9744      4.7564
       64361440      0.0223   7824.9585      4.1860
      100000000      0.0245   7688.1484      4.1235
              0      0.0245   7688.1484      4.1235
       60894040      0.0282   6768.6251      3.6580
      100000000      0.0306   6570.9337      3.5429
              0      0.0306   6570.9337      3.5429
       59266627      0.0342   6437.1116      3.4679
      118510624      0.0379   6364.0102      3.4149
      150000000      0.0398   6492.0559      3.4944
              0      0.0398   6492.0559      3.4944
       57732176      0.0433   6067.0572      3.2680
      115478327      0.0468   5703.2671      3.0826
      150000000      0.0490   5882.9958      3.1674
              0      0.0490   5882.9958      3.1674
       56056206      0.0524   5246.1019      2.8940
      112111517      0.0558   5326.2100      2.8924
      168099703      0.0592   5245.2580      2.8675
      200000000      0.0612   5211.2708      2.8359
              0      0.0612   5211.2708      2.8359
       54382181      0.0645   4847.4919      2.6533
      108885350      0.0678   4756.6978      2.6372
      163276515      0.0712   4633.7875      2.6086
      217691245      0.0745   4692.3520      2.6399
      250000000      0.0765   4935.2304      2.7029
              0      0.0765   4935.2304      2.7029
       51432651      0.0796   3716.4678      2.2786
      103039959      0.0827   3391.1219      2.2328
      154603072      0.0859   3156.1104      2.2253
      206115383      0.0890   2960.7907      2.2177
      257642667      0.0921   3245.9305      2.1767
      309249871      0.0953   2669.3970      2.1708
      361062301      0.0984   2749.4027      2.2289
      412875582      0.1015   2728.5209      2.2701
      464839288      0.1047   2590.7033      2.2046
      516671829      0.1078   2656.4105      2.2211
      568552831      0.1109   2503.2398      2.2172
      620571281      0.1141   2382.2520      2.2752
      672601304      0.1172   2255.3694      2.2483
      724631144      0.1203   2094.3377      2.1494
      776605327      0.1235   2087.8675      2.2874
      828647605      0.1266   1974.5793      2.2172
      880601861      0.1297   1802.7087      2.2612
      932639243      0.1329   1719.8816      2.1682
      984672723      0.1360   1894.9359      2.2414
     1000000000      0.1369   1854.3545      2.3024
              0      0.1369   1854.3545      2.3024
       51934867      0.1400   1735.6303      2.2998
      103978805      0.1432   1615.7605      2.2173
      156035146      0.1463   1190.6878      2.1911
      208177030      0.1494   1690.9332      2.3556
      260212383      0.1526   1494.9813      2.2454
      312213634      0.1557   1367.3274      2.1956
      364297289      0.1588   1497.8830      2.2252
      416191290      0.1620   1534.2576      2.2166
      468183779      0.1651   1377.5828      2.2113
      520250945      0.1682   1856.4762      2.3041
      572392801      0.1714   1533.8041      2.1734
      624544067      0.1745   1415.0725      2.1794
      676719642      0.1776   1717.6456      2.3092
      728837794      0.1808   1119.1782      2.2765
      781038712      0.1839   1180.7964      2.2406
      833151360      0.1870   1188.9298      2.1753
      885286570      0.1902   1280.6080      2.2056
      937506458      0.1933   1333.8466      2.1980
      989615072      0.1964   1223.6989      2.1262
     1000000000      0.1971   1363.1739      2.2422
              0      0.1971   1363.1739      2.2422
       52131772      0.2002   1253.5657      2.2186
      104514978      0.2033   1103.4076      2.1925
      156701530      0.2065    885.5854      2.1364
      208784413      0.2096   1219.1174      2.2751
      260918760      0.2127   1147.2247      2.1816
      313272629      0.2159   1224.1205      2.1940
      365476038      0.2190   1304.7190      2.2036
      417638492      0.2221   1457.1352      2.2872
      469980746      0.2253   1544.7229      2.2447
      522126314      0.2284   1552.2665      2.1667
      574353193      0.2315   1459.3837      2.1653
      626544688      0.2347   1298.3201      2.2256
      678922943      0.2378   1330.1107      2.1601
      731140871      0.2409   1114.4384      2.1950
      783056087      0.2441   1345.6035      2.2889
      835134517      0.2472   1157.4957      2.2191
      887238913      0.2503   1270.1033      2.2292
      939375456      0.2535   1238.3160      2.2270
      991530416      0.2566   1221.9430      2.2286
     1000000000      0.2571   1481.9951      2.2464
              0      0.2571   1481.9951      2.2464
       52097412      0.2602   1673.1610      2.3415
      104421539      0.2634   1461.2517      2.3337
      156553370      0.2665   1124.0555      2.1537
      208770564      0.2696   1269.6107      2.3016
      260896050      0.2728    958.8771      2.2122
      313016132      0.2759   1290.5536      2.2512
      365057518      0.2790   1197.4620      2.2570
      417078957      0.2822   1105.2779      2.2800
      469245334      0.2853   1283.1449      2.2403
      521383627      0.2884   1540.8267      2.3036
      573583151      0.2916    953.4845      2.1799
      625706038      0.2947   1200.9509      2.2354
      677827347      0.2978   1153.9795      2.2952
      729907327      0.3010   1096.9804      2.1954
      781822652      0.3041   1081.7000      2.1784
      833716093      0.3072   1392.5178      2.3252
      885713132      0.3104   1063.0505      2.2047
      937766362      0.3135   1165.0563      2.2203
      989809673      0.3166   1203.8695      2.2504
     1000000000      0.3172   1215.8273      2.2335
              0      0.3172   1215.8273      2.2335
       51954289      0.3204   1566.7911      2.2964
      103980599      0.3235   1522.5505      2.2726
      155962464      0.3266   1530.6547      2.2449
      207956406      0.3298   1403.2314      2.1854
      259890329      0.3329   1138.1089      2.1339
      311761734      0.3360   1395.4241      2.2636
      363664730      0.3392   1306.1041      2.3009
      415567669      0.3423   1211.0275      2.2404
      467524702      0.3454   1338.6965      2.2159
      519485657      0.3486   1475.5319      2.1862
      571471804      0.3517   1430.8322      2.2864
      623345322      0.3548   1153.5743      2.1395
      675388544      0.3580   1572.7604      2.2767
      727429554      0.3611   1055.5855      2.1965
      779332977      0.3642   1348.4317      2.2355
      831324139      0.3674   1516.9760      2.2518
      883206595      0.3705   1416.5721      2.2385
      935321167      0.3736   1202.4114      2.2394
      987521582      0.3768   1158.3996      2.2046
     1000000000      0.3775   1235.5522      2.2390
              0      0.3775   1235.5522      2.2390
       52186562      0.3807   1341.2035      2.2311
      104505494      0.3838   1216.3420      2.2480
      156716273      0.3869   1424.2511      2.2414
      208837788      0.3901   1312.9420      2.2618
      260946963      0.3932   1089.6630      2.1781
      313043593      0.3963    990.0853      2.2747
      365168799      0.3995   1085.3848      2.3169
      417213591      0.4026    834.7338      2.1503
      469280345      0.4057    965.2387      2.1433
      521324982      0.4089    938.5333      2.2456
      573334013      0.4120    833.9246      2.2266
      625294746      0.4151    902.4416      2.2410
      677248412      0.4183    773.1710      2.1785
      729168558      0.4214    658.0190      2.2156
      781197608      0.4245    877.7753      2.3105
      833152011      0.4277    809.8642      2.1722
      885059635      0.4308    814.0808      2.1299
      936982138      0.4339    989.5430      2.2667
      989024868      0.4371   1007.8579      2.3082
     1000000000      0.4377    566.9742      2.1239
              0      0.4377    566.9742      2.1239
       51974011      0.4408   1046.3446      2.3005
      104058040      0.4440    764.3408      2.2716
      156139399      0.4471    879.9235      2.1986
      208235598      0.4502    738.4696      2.1808
      260375966      0.4534    351.3382      2.1404
      312373211      0.4565    926.3330      2.2236
      364347824      0.4596    762.3275      2.1831
      416236459      0.4628    827.5057      2.2353
      468269621      0.4659    842.8279      2.1594
      520181863      0.4690    824.8644      2.1704
      572081788      0.4722    843.1590      2.1926
      624177362      0.4753   1137.9420      2.2277
      676165624      0.4784   1080.4500      2.2281
      728376087      0.4816    979.5058      2.3025
      780298636      0.4847    976.5290      2.2134
      832367847      0.4878   1108.7989      2.1902
      884268347      0.4910    800.8631      2.2089
      936270505      0.4941    948.1228      2.1876
      988284143      0.4972    864.4750      2.1933
     1000000000      0.4980    935.9266      2.2421
              0      0.4980    935.9266      2.2421
       51893773      0.5011   1136.2803      2.3260
      103967130      0.5042    908.3659      2.1598
      155954868      0.5073    853.2395      2.2931
      207881075      0.5105    845.2780      2.2928
      259768064      0.5136    821.4700      2.2291
      311626473      0.5167    766.5475      2.2387
      363694409      0.5199    857.8294      2.3097
      415653222      0.5230    764.4573      2.2684
      467610198      0.5261    833.7849      2.2508
      519648602      0.5293    708.8642      2.2481
      571772143      0.5324    629.6699      2.2318
      623831624      0.5355    677.6445      2.3033
      675759196      0.5387    777.6340      2.3343
      727780725      0.5418    547.7083      2.2606
      779657139      0.5449    683.2430      2.2132
      831475774      0.5481    635.5248      2.2289
      883269558      0.5512    738.6334      2.2443
      935075257      0.5543    547.1487      2.2079
      986990609      0.5575    804.9062      2.2505
     1000000000      0.5583    728.6275      2.2376
              0      0.5583    728.6275      2.2376
       51833262      0.5614    869.0154      2.2581
      103743459      0.5645   1106.7851      2.3034
      155637106      0.5677   1082.6314      2.2882
      207503376      0.5708    708.3936      2.1939
      259442515      0.5739    598.0833      2.1746
      311345388      0.5771    813.4102      2.1241
      363355204      0.5802    962.1981      2.2947
      415329961      0.5833    823.2142      2.2905
      467404632      0.5865    739.7842      2.1882
      519361047      0.5896    993.7935      2.2804
      571349554      0.5927    654.6062      2.2237
      623292488      0.5959    615.7867      2.2202
      675320785      0.5990    794.9973      2.2657
      727221172      0.6021    565.6298      2.1492
      779205754      0.6053    653.5092      2.2738
      831279391      0.6084    755.9175      2.2458
      883212417      0.6115    885.6491      2.2302
      935120980      0.6147    640.6011      2.1863
      987008252      0.6178    611.4950      2.1614
     1000000000      0.6186    684.0518      2.2396
              0      0.6186    684.0518      2.2396
       51918926      0.6217    744.5697      2.2732
      103810511      0.6248    820.3665      2.2117
      155630632      0.6280    471.4770      2.1686
      207443783      0.6311    432.5343      2.1627
      259384134      0.6342    821.6615      2.2010
      311144338      0.6374    707.5105      2.1342
      362964918      0.6405    851.1625      2.2468
      414643994      0.6436    703.3122      2.1593
      466430149      0.6468    949.9578      2.3055
      518179154      0.6499    944.9519      2.2751
      569933722      0.6530    837.7615      2.2473
      621740218      0.6562    616.2902      2.1877
      673561393      0.6593   1060.7579      2.3454
      725276892      0.6624    818.4512      2.2821
      776910899      0.6656    825.5201      2.2282
      828629471      0.6687    681.0203      2.1796
      880208977      0.6718    882.3886      2.2869
      931841195      0.6750    284.6727      2.0859
      983595555      0.6781    521.6316      2.1594
     1000000000      0.6791    537.5135      2.1607
              0      0.6791    537.5135      2.1607
       51611707      0.6822    922.1431      2.2896
      103451317      0.6854    799.1208      2.2614
      155236168      0.6885   1025.2364      2.3447
      207064495      0.6916    409.7185      2.2654
      258821209      0.6948    542.2633      2.2002
      310627486      0.6979    616.9994      2.2304
      362509585      0.7010    564.9169      2.2145
      414340870      0.7042    853.2490      2.3286
      466233799      0.7073    762.0611      2.2610
      517972427      0.7104    605.0721      2.2106
      569693670      0.7136    682.9195      2.2063
      621505567      0.7167    611.7123      2.2529
      673270016      0.7198    500.5196      2.2310
      725061266      0.7230    424.2269      2.1618
      776820711      0.7261    647.2839      2.2929
      828627590      0.7292    613.0235      2.2887
      880404106      0.7324    358.1909      2.1742
      932159562      0.7355    499.0239      2.2337
      983952779      0.7386    353.2567      2.1469
     1000000000      0.7396    484.6991      2.2566
