           1              73903202   4.71134809512603     
         0.0739         0.0061         4.7113
           1             100000000   6.38094601508101     
         0.1000         0.0083         6.3809
           2              70851646   4.52089395109765     
         0.1709         0.0149         4.5209
           2             100000000   6.37991674242679     
         0.2000         0.0174         6.3799
           3              67779742   4.31953065154646     
         0.2678         0.0247         4.3195
           3             100000000   6.37545151516238     
         0.3000         0.0277         6.3755
           4              64444026   4.10513659574533     
         0.3644         0.0359         4.1051
           4             100000000   6.37175824240881     
         0.4000         0.0394         6.3718
           5              60776865   3.87479787288034     
         0.4608         0.0491         3.8748
           5             100000000   6.37424060607471     
         0.5000         0.0532         6.3742
           6              59274024   3.77731860300354     
         0.5593         0.0616         3.7773
           6             118542583   7.55463720599816     
         0.6185         0.0682         7.5546
           6             150000000   9.56105060599903     
         0.6500         0.0716         9.5611
           7              57589969   3.67629117161450     
         0.7076         0.0809         3.6763
           7             115172837   7.35258234319735     
         0.7652         0.0875         7.3526
           7             150000000   9.56224637869805     
         0.8000         0.0915         9.5622
           8              56073696   3.57129738613290     
         0.8561         0.1019         3.5713
           8             112141967   7.14259477229493     
         0.9121         0.1085         7.1426
           8             168254121   10.7138921584570     
         0.9683         0.1152        10.7139
           8             200000000   12.7348281970902     
         1.0000         0.1190        12.7348
           9              54430154   3.46182981958665     
         1.0544         0.1310         3.4618
           9             108826120   6.92365963916797     
         1.1088         0.1378         6.9237
           9             163295152   10.3854894588942     
         1.1633         0.1445        10.3855
           9             217654851   13.8473192786755     
         1.2177         0.1513        13.8473
           9             250000000   15.9058812428333     
         1.2500         0.1553        15.9059
          10              51531135   3.26433656138003     
         1.3015         0.1758         3.2643
          10             100000000   6.33073895005125     
         1.3500         0.1823         6.3307
          11              51761113   3.26433656138003     
         1.4018         0.1892         3.2643
          11             100000000   6.31516191804025     
         1.4500         0.1957         6.3152
          12              51637968   3.26433656138003     
         1.5016         0.2026         3.2643
          12             100000000   6.31738720832753     
         1.5500         0.2090         6.3174
          13              51632373   3.26433656138003     
         1.6016         0.2160         3.2643
          13             100000000   6.31349673483207     
         1.6500         0.2224         6.3135
          14              51728713   3.26433656138003     
         1.7017         0.2293         3.2643
          14             100000000   6.30874339367420     
         1.7500         0.2358         6.3087
          15              51896829   3.26433656138003     
         1.8019         0.2427         3.2643
          15             100000000   6.30200697069568     
         1.8500         0.2492         6.3020
          16              51904369   3.26433656138003     
         1.9019         0.2561         3.2643
          16             100000000   6.28957864875104     
         1.9500         0.2625         6.2896
          17              51762152   3.26433656138003     
         2.0018         0.2694         3.2643
          17             100000000   6.30022068325418     
         2.0500         0.2759         6.3002
          18              51964256   3.26433656138003     
         2.1020         0.2828         3.2643
          18             100000000   6.28158576935181     
         2.1500         0.2892         6.2816
          19              52067805   3.26433656138003     
         2.2021         0.2961         3.2643
          19             100000000   6.27606038870651     
         2.2500         0.3025         6.2761
          20              51883552   3.26433656138003     
         2.3019         0.3094         3.2643
          20             100000000   6.28942726845939     
         2.3500         0.3158         6.2894
          21              52011399   3.26433656138003     
         2.4020         0.3227         3.2643
          21             100000000   6.27366858009840     
         2.4500         0.3291         6.2737
          22              52075300   3.26433656138003     
         2.5021         0.3360         3.2643
          22             100000000   6.26472200486176     
         2.5500         0.3424         6.2647
          23              52131218   3.26433656138003     
         2.6021         0.3493         3.2643
          23             100000000   6.25789475370825     
         2.6500         0.3557         6.2579
          24              52209619   3.26433656138003     
         2.7022         0.3626         3.2643
          24             100000000   6.25647177896672     
         2.7500         0.3689         6.2565
          25              52093516   3.26433656138003     
         2.8021         0.3758         3.2643
          25             100000000   6.25442814502942     
         2.8500         0.3822         6.2544
          26              52022709   3.26433656138003     
         2.9020         0.3891         3.2643
          26             100000000   6.27418327309002     
         2.9500         0.3955         6.2742
          27              51974950   3.26433656138003     
         3.0020         0.4024         3.2643
          27             100000000   6.27675673804811     
         3.0500         0.4088         6.2768
          28              52031370   3.26433656138003     
         3.1020         0.4157         3.2643
          28             100000000   6.26938451784465     
         3.1500         0.4221         6.2694
          29              51987253   3.26433656138003     
         3.2020         0.4290         3.2643
          29             100000000   6.28143438906016     
         3.2500         0.4354         6.2814
          30              52063414   3.26433656138003     
         3.3021         0.4423         3.2643
          30             100000000   6.26997490098209     
         3.3500         0.4487         6.2700
          31              52020885   3.26433656138003     
         3.4020         0.4556         3.2643
          31             100000000   6.26762850646148     
         3.4500         0.4620         6.2676
          32              52056728   3.26433656138003     
         3.5021         0.4689         3.2643
          32             100000000   6.26556973449502     
         3.5500         0.4753         6.2656
          33              52117751   3.26433656138003     
         3.6021         0.4822         3.2643
          33             100000000   6.26242102442865     
         3.6500         0.4885         6.2624
          34              52005059   3.26433656138003     
         3.7020         0.4954         3.2643
          34             100000000   6.27269974623183     
         3.7500         0.5018         6.2727
          35              52168552   3.26433656138003     
         3.8022         0.5087         3.2643
          35             100000000   6.25629012261674     
         3.8500         0.5151         6.2563
          36              51954240   3.26433656138003     
         3.9020         0.5220         3.2643
          36             100000000   6.27130704754863     
         3.9500         0.5284         6.2713
          37              52100059   3.26433656138003     
         4.0021         0.5353         3.2643
          37             100000000   6.26965700236962     
         4.0500         0.5417         6.2697
          38              52134327   3.26433656138003     
         4.1021         0.5486         3.2643
          38             100000000   6.26720464164486     
         4.1500         0.5550         6.2672
          39              52133599   3.26433656138003     
         4.2021         0.5619         3.2643
          39             100000000   6.26581194296166     
         4.2500         0.5682         6.2658
          40              52050072   3.26433656138003     
         4.3021         0.5752         3.2643
          40             100000000   6.26637205004077     
         4.3500         0.5815         6.2664
          41              52297987   3.26433656138003     
         4.4023         0.5884         3.2643
          41             100000000   6.25359555342533     
         4.4500         0.5948         6.2536
          42              52073563   3.26433656138003     
         4.5021         0.6017         3.2643
          42             100000000   6.27177632645275     
         4.5500         0.6081         6.2718
          43              52137778   3.26433656138003     
         4.6021         0.6150         3.2643
          43             100000000   6.25627498458757     
         4.6500         0.6213         6.2563
          44              52188525   3.26433656138003     
         4.7022         0.6283         3.2643
          44             100000000   6.25479145772938     
         4.7500         0.6346         6.2548
          45              52269318   3.26433656138003     
         4.8023         0.6415         3.2643
          45             100000000   6.24661692198017     
         4.8500         0.6478         6.2466
          46              52236572   3.26433656138003     
         4.9022         0.6548         3.2643
          46             100000000   6.25391345203780     
         4.9500         0.6611         6.2539
          47              52173059   3.26433656138003     
         5.0022         0.6680         3.2643
          47             100000000   6.25566946342097     
         5.0500         0.6744         6.2557
          48              52144623   3.26433656138003     
         5.1021         0.6813         3.2643
          48             100000000   6.25215744065464     
         5.1500         0.6876         6.2522
          49              52080248   3.26433656138003     
         5.2021         0.6945         3.2643
          49             100000000   6.26986893477793     
         5.2500         0.7009         6.2699
          50              52204416   3.26433656138003     
         5.3022         0.7078         3.2643
          50             100000000   6.25120374481723     
         5.3500         0.7142         6.2512
          51              52077736   3.26433656138003     
         5.4021         0.7211         3.2643
          51             100000000   6.27059556017787     
         5.4500         0.7275         6.2706
          52              51948206   3.26433656138003     
         5.5019         0.7344         3.2643
          52             100000000   6.27755905359386     
         5.5500         0.7408         6.2776
          53              52044966   3.26433656138003     
         5.6020         0.7477         3.2643
          53             100000000   6.26640232609910     
         5.6500         0.7540         6.2664
          54              52112628   3.26433656138003     
         5.7021         0.7610         3.2643
          54             100000000   6.26255726669114     
         5.7500         0.7673         6.2626
          55              52091871   3.26433656138003     
         5.8021         0.7742         3.2643
          55             100000000   6.27403189279837     
         5.8500         0.7806         6.2740
          56              52136579   3.26433656138003     
         5.9021         0.7875         3.2643
          56             100000000   6.26342013435355     
         5.9500         0.7939         6.2634
          57              51969205   3.26433656138003     
         6.0020         0.8008         3.2643
          57             100000000   6.28409868219323     
         6.0500         0.8072         6.2841
          58              51997154   3.26433656138003     
         6.1020         0.8141         3.2643
          58             100000000   6.27286626455265     
         6.1500         0.8205         6.2729
          59              52010254   3.26433656138003     
         6.2020         0.8274         3.2643
          59             100000000   6.27167036024860     
         6.2500         0.8338         6.2717
          60              52062851   3.26433656138003     
         6.3021         0.8407         3.2643
          60             100000000   6.26210312581618     
         6.3500         0.8471         6.2621
          61              52187670   3.26433656138003     
         6.4022         0.8540         3.2643
          61             100000000   6.25868193122484     
         6.4500         0.8604         6.2587
          62              52141880   3.26433656138003     
         6.5021         0.8673         3.2643
          62             100000000   6.26653856836159     
         6.5500         0.8736         6.2665
          63              52049355   3.26433656138003     
         6.6020         0.8806         3.2643
          63             100000000   6.26301140756609     
         6.6500         0.8869         6.2630
          64              52251913   3.26433656138003     
         6.7023         0.8938         3.2643
          64             100000000   6.25869706925401     
         6.7500         0.9002         6.2587
          65              52030683   3.26433656138003     
         6.8020         0.9071         3.2643
          65             100000000   6.27061069820703     
         6.8500         0.9135         6.2706
          66              52133118   3.26433656138003     
         6.9021         0.9204         3.2643
          66             100000000   6.26673536274074     
         6.9500         0.9268         6.2667
          67              52129656   3.26433656138003     
         7.0021         0.9337         3.2643
          67             100000000   6.25548780707098     
         7.0500         0.9400         6.2555
          68              52094014   3.26433656138003     
         7.1021         0.9470         3.2643
          68             100000000   6.26499448938674     
         7.1500         0.9533         6.2650
          69              52184212   3.26433656138003     
         7.2022         0.9602         3.2643
          69             100000000   6.25999893976222     
         7.2500         0.9666         6.2600
          70              52202194   3.26433656138003     
         7.3022         0.9735         3.2643
          70             100000000   6.25513963240018     
         7.3500         0.9798         6.2551
          71              52256981   3.26433656138003     
         7.4023         0.9868         3.2643
          71             100000000   6.25091612226309     
         7.4500         0.9931         6.2509
          72              52035734   3.26433656138003     
         7.5020         1.0000         3.2643
          72             100000000   6.27389565053588     
         7.5500         1.0064         6.2739
          73              51989090   3.26433656138003     
         7.6020         1.0133         3.2643
          73             100000000   6.27524293513159     
         7.6500         1.0197         6.2752
          74              52054016   3.26433656138003     
         7.7021         1.0266         3.2643
          74             100000000   6.27301764484430     
         7.7500         1.0330         6.2730
          75              52213441   3.26433656138003     
         7.8022         1.0399         3.2643
          75             100000000   6.26320820194524     
         7.8500         1.0463         6.2632
          76              52067361   3.26433656138003     
         7.9021         1.0532         3.2643
          76             100000000   6.27298736878597     
         7.9500         1.0596         6.2730
          77              51951621   3.26433656138003     
         8.0020         1.0665         3.2643
          77             100000000   6.27342637163176     
         8.0500         1.0729         6.2734
          78              52184828   3.26433656138003     
         8.1022         1.0798         3.2643
          78             100000000   6.25960535100392     
         8.1500         1.0861         6.2596
          79              51987822   3.26433656138003     
         8.2020         1.0931         3.2643
          79             100000000   6.27631773520231     
         8.2500         1.0994         6.2763
          80              52159388   3.26433656138003     
         8.3022         1.1064         3.2643
          80             100000000   6.25604791415010     
         8.3500         1.1127         6.2560
          81              52007851   3.26433656138003     
         8.4020         1.1196         3.2643
          81             100000000   6.28712628802628     
         8.4500         1.1260         6.2871
          82              52038539   3.26433656138003     
         8.5020         1.1330         3.2643
          82             100000000   6.28817081203868     
         8.5500         1.1394         6.2882
          83              51884056   3.26433656138003     
         8.6019         1.1463         3.2643
          83             100000000   6.28381105963909     
         8.6500         1.1527         6.2838
          84              51926733   3.26433656138003     
         8.7019         1.1596         3.2643
          84             100000000   6.29407464341311     
         8.7500         1.1660         6.2941
          85              51866462   3.26433656138003     
         8.8019         1.1730         3.2643
          85             100000000   6.28912450787608     
         8.8500         1.1794         6.2891
          86              51992243   3.26433656138003     
         8.9020         1.1863         3.2643
          86             100000000   6.27857330154793     
         8.9500         1.1927         6.2786
          87              51979008   3.26433656138003     
         9.0020         1.1996         3.2643
          87             100000000   6.28599093583888     
         9.0500         1.2060         6.2860
          88              51981357   3.26433656138003     
         9.1020         1.2129         3.2643
          88             100000000   6.29175852495083     
         9.1500         1.2193         6.2918
          89              51965687   3.26433656138003     
         9.2020         1.2263         3.2643
          89             100000000   6.28194908205177     
         9.2500         1.2327         6.2819
          90              51974653   3.26433656138003     
         9.3020         1.2396         3.2643
          90             100000000   6.28202477219760     
         9.3500         1.2460         6.2820
          91              52022611   3.26433656138003     
         9.4020         1.2529         3.2643
          91             100000000   6.27451630973165     
         9.4500         1.2593         6.2745
          92              51766699   3.26433656138003     
         9.5018         1.2662         3.2643
          92             100000000   6.28939699240106     
         9.5500         1.2726         6.2894
          93              51898053   3.26433656138003     
         9.6019         1.2795         3.2643
          93             100000000   6.29224294188412     
         9.6500         1.2859         6.2922
          94              51841423   3.26433656138003     
         9.7018         1.2929         3.2643
          94             100000000   6.29195531932998     
         9.7500         1.2993         6.2920
          95              52025630   3.26433656138003     
         9.8020         1.3062         3.2643
          95             100000000   6.27784667614800     
         9.8500         1.3126         6.2778
          96              52016365   3.26433656138003     
         9.9020         1.3195         3.2643
          96             100000000   6.28455282306819     
         9.9500         1.3259         6.2846
          97              51772074   3.26433656138003     
        10.0018         1.3328         3.2643
          97             100000000   6.30442905536211     
        10.0500         1.3393         6.3044
          98              51938730   3.26433656138003     
        10.1019         1.3462         3.2643
          98             100000000   6.28335691876414     
        10.1500         1.3526         6.2834
          99              51987914   3.26433656138003     
        10.2020         1.3595         3.2643
          99             100000000   6.27905771848122     
        10.2500         1.3659         6.2791
         100              52112405   3.26433656138003     
        10.3021         1.3728         3.2643
         100             100000000   6.28662673306382     
        10.3500         1.3792         6.2866
         101              51888047   3.26433656138003     
        10.4019         1.3862         3.2643
         101             100000000   6.28449227095153     
        10.4500         1.3926         6.2845
         102              52052790   3.26433656138003     
        10.5021         1.3995         3.2643
         102             100000000   6.27322957725261     
        10.5500         1.4059         6.2732
         103              51976262   3.26433656138003     
        10.6020         1.4128         3.2643
         103             100000000   6.28889743743861     
        10.6500         1.4192         6.2889
         104              51926544   3.26433656138003     
        10.7019         1.4261         3.2643
         104             100000000   6.29141035028003     
        10.7500         1.4325         6.2914
         105              51920947   3.26433656138003     
        10.8019         1.4395         3.2643
         105             100000000   6.29726876756697     
        10.8500         1.4459         6.2973
         106              51850122   3.26433656138003     
        10.9019         1.4528         3.2643
         106             100000000   6.29354481239233     
        10.9500         1.4592         6.2935
         107              51800260   3.26433656138003     
        11.0018         1.4661         3.2643
         107             100000000   6.29362050253815     
        11.0500         1.4726         6.2936
         108              51919889   3.26433656138003     
        11.1019         1.4795         3.2643
         108             100000000   6.28708087393878     
        11.1500         1.4859         6.2871
         109              51829806   3.26433656138003     
        11.2018         1.4928         3.2643
         109             100000000   6.28382619766826     
        11.2500         1.4992         6.2838
