 4.064   2.600   2.601   4.013   4.904 G
 5.703   4.827   4.651   5.535   4.978 R
 4.633   3.607   3.565   4.680   4.791 N
 4.785   3.751   3.435   4.558   4.860 D
 5.134   4.139   3.996   5.062   5.000 Q
 5.162   4.175   3.997   5.074   4.996 E
 4.766   3.886   3.838   4.790   4.945 H
 5.323   4.384   4.191   5.163   4.974 K
 3.884   3.133   3.298   4.665   4.773 P
 4.507   3.331   3.128   4.380   4.944 S
 4.617   3.447   3.290   4.573   5.007 T
 4.598   3.312   3.000   4.353   4.997 A
 4.560   3.516   3.350   4.501   4.913 C
 4.867   3.740   3.626   4.867   4.994 I
 4.936   3.918   3.724   4.863   5.001 L
 5.206   4.205   4.032   5.067   5.017 M
 4.780   3.991   3.973   4.827   5.040 F
 5.180   4.460   4.187   4.963   4.986 W
 4.898   4.208   4.246   4.978   5.042 Y
 4.754   3.570   3.378   4.635   5.002 V
