  0.000000000000000E+000  0.000000000000000E+000  0.000000000000000E+000
  -1.66500000000000        3.13900000000000       -1.34900000000000     
  -5.40300000000000        3.47100000000000      -0.748000000000000     
  -7.03400000000000        6.69200000000000       -1.93500000000000     
  -10.8010000000000        6.94900000000000       -1.50100000000000     
  -12.4090000000000        10.2390000000000       -2.51800000000000     
  -16.1950000000000        10.4330000000000       -2.25600000000000     
   1.47000000000000       0.000000000000000E+000  0.000000000000000E+000
  -1.09400000000000        1.80100000000000       -1.13300000000000     
  -3.93500000000000        3.48200000000000      -0.674000000000000     
  -6.46000000000000        5.34600000000000       -1.79400000000000     
  -9.33900000000000        6.96500000000000       -1.35100000000000     
  -11.8270000000000        8.89100000000000       -2.45100000000000     
  -14.7420000000000        10.4490000000000       -2.03200000000000     
 -0.523000000000000        1.43800000000000       0.000000000000000E+000
  -3.16200000000000        3.02800000000000       -1.64300000000000     
  -5.94200000000000        4.90100000000000      -0.665000000000000     
  -8.51400000000000        6.59200000000000       -2.31200000000000     
  -11.3600000000000        8.36300000000000       -1.33500000000000     
  -13.8660000000000        10.1580000000000       -2.97600000000000     
  -16.7780000000000        11.8260000000000       -2.01100000000000     
 -0.617783027944887        3.91046718959775       -2.87204273407602     
  -6.09896893445008        2.03312406241015        1.33452378270462     
  -3.52798750032314        8.23815626599119       -2.30795487878947     
  -11.4522015019803        5.67693898148196      -9.755306268630458E-002
  -16.7602890212059        9.34131202665682      -0.719529983314493     
